Sample_id,Class_1,Class_2,Class_3,Class_4,Class_5,Class_6,Class_7,Class_8,Class_9,Class_10
1,0.115943,0.094853,0.591830,0.005665,0.021455,0.034331,0.123105,0.000135,0.012249,0.000432
2,0.174746,0.040021,0.283007,0.038266,0.029120,0.046461,0.049466,0.029762,0.298672,0.010478
3,0.685289,0.027931,0.000463,0.000842,0.040201,0.010590,0.065336,0.110414,0.000001,0.058933
4,0.959406,0.031708,0.001137,0.000002,0.002628,0.000037,0.001199,0.001626,0.002003,0.000254
5,0.909656,0.005595,0.000918,0.002911,0.002948,0.052360,0.012748,0.010036,0.001987,0.000841
6,0.569423,0.001970,0.002567,0.011841,0.166794,0.166867,0.043361,0.034921,0.000005,0.002252
7,0.146458,0.022483,0.004034,0.048315,0.208172,0.074876,0.039658,0.002968,0.435223,0.017813
8,0.917588,0.011138,0.000416,0.002729,0.014596,0.003929,0.007163,0.033036,0.000001,0.009404
9,0.948442,0.000311,0.001696,0.000579,0.032828,0.005681,0.008458,0.001981,0.000020,0.000005
10,0.350652,0.373946,0.007448,0.002400,0.004755,0.000790,0.001917,0.173803,0.081205,0.003084
11,0.764368,0.012668,0.005079,0.000342,0.034717,0.136963,0.039517,0.006278,0.000002,0.000067
12,0.263177,0.215596,0.014950,0.238053,0.182925,0.007542,0.022544,0.015917,0.000000,0.039296
13,0.961953,0.014355,0.003287,0.000753,0.003236,0.012423,0.002647,0.000272,0.000148,0.000928
14,0.147609,0.005222,0.004681,0.460973,0.088584,0.001922,0.010285,0.213931,0.008901,0.057891
15,0.532348,0.052168,0.000106,0.311695,0.003985,0.038779,0.060079,0.000208,0.000168,0.000463
16,0.552712,0.067721,0.000945,0.008793,0.059024,0.011921,0.023750,0.270686,0.000006,0.004441
17,0.171659,0.133483,0.041094,0.168310,0.141648,0.213184,0.012170,0.029028,0.071607,0.017817
18,0.985504,0.002059,0.000596,0.000010,0.006994,0.004622,0.000183,0.000031,0.000000,0.000001
19,0.177973,0.010456,0.507979,0.000065,0.003068,0.289361,0.002611,0.008425,0.000013,0.000048
20,0.217898,0.728117,0.002904,0.010119,0.007651,0.002990,0.029848,0.000074,0.000062,0.000337
21,0.333834,0.537641,0.102920,0.000773,0.000456,0.004650,0.018913,0.000005,0.000046,0.000762
22,0.599765,0.002264,0.042914,0.003598,0.050742,0.042155,0.155256,0.067464,0.000036,0.035808
23,0.911328,0.003891,0.017386,0.048064,0.011519,0.002733,0.003379,0.001135,0.000002,0.000562
24,0.657973,0.178290,0.001109,0.020607,0.006486,0.075829,0.049929,0.006386,0.000003,0.003388
25,0.634407,0.110753,0.071004,0.000180,0.002711,0.001551,0.042609,0.136425,0.000105,0.000255
26,0.099921,0.157862,0.090550,0.368786,0.161515,0.014830,0.076424,0.002283,0.005582,0.022247
27,0.056251,0.571630,0.237816,0.020239,0.013410,0.069980,0.018581,0.000054,0.011747,0.000291
28,0.316809,0.000648,0.012897,0.009727,0.029648,0.024110,0.002474,0.568620,0.002117,0.032950
29,0.341868,0.001374,0.003565,0.012750,0.098608,0.103030,0.015410,0.405523,0.014888,0.002983
30,0.910642,0.016870,0.001814,0.000476,0.015702,0.039806,0.004204,0.010364,0.000047,0.000076
31,0.129844,0.057048,0.004235,0.491588,0.007825,0.021054,0.031245,0.010481,0.000241,0.246439
32,0.955908,0.022640,0.002551,0.000338,0.013090,0.000333,0.002073,0.000449,0.000003,0.002615
33,0.686212,0.105964,0.001595,0.000994,0.002973,0.002122,0.134958,0.058564,0.000009,0.006609
34,0.339567,0.009723,0.011223,0.044634,0.251730,0.063313,0.028821,0.099158,0.139589,0.012243
35,0.255734,0.336674,0.003856,0.339357,0.010975,0.008573,0.001865,0.015392,0.000795,0.026778
36,0.057855,0.290528,0.043106,0.035156,0.024101,0.548174,0.000672,0.000167,0.000000,0.000242
37,0.886661,0.015149,0.001987,0.075629,0.005344,0.001581,0.003957,0.006279,0.000000,0.003413
38,0.901143,0.002045,0.003206,0.000013,0.079316,0.008382,0.000334,0.001241,0.004312,0.000009
39,0.975595,0.001912,0.012044,0.000030,0.003743,0.000256,0.000093,0.006196,0.000000,0.000132
40,0.243451,0.507864,0.023646,0.100772,0.038753,0.029158,0.049022,0.000218,0.001014,0.006102
41,0.675332,0.012476,0.009502,0.000851,0.034131,0.015406,0.100757,0.134480,0.001061,0.016003
42,0.482571,0.458571,0.002865,0.000954,0.019365,0.005292,0.003480,0.001697,0.006377,0.018830
43,0.125776,0.000113,0.161828,0.000290,0.001177,0.008948,0.251574,0.000839,0.000003,0.449452
44,0.359797,0.116366,0.055969,0.008335,0.021677,0.027693,0.014321,0.362767,0.007847,0.025228
45,0.875505,0.060062,0.005613,0.002308,0.007952,0.011580,0.016310,0.007084,0.000518,0.013070
46,0.271103,0.665411,0.039369,0.001641,0.014054,0.001313,0.006277,0.000169,0.000175,0.000486
47,0.324046,0.618652,0.000985,0.010872,0.031133,0.006810,0.004977,0.000009,0.002505,0.000011
48,0.839185,0.112457,0.001026,0.011157,0.010127,0.004298,0.018783,0.000968,0.000006,0.001994
49,0.273840,0.001636,0.007704,0.237504,0.024857,0.103060,0.013334,0.323496,0.000000,0.014568
50,0.678725,0.087717,0.002513,0.020398,0.022153,0.074221,0.033813,0.057715,0.000863,0.021882
51,0.137471,0.747158,0.101699,0.000021,0.001290,0.011913,0.000448,0.000000,0.000000,0.000000
52,0.275177,0.044685,0.511900,0.002892,0.026275,0.101817,0.030912,0.000241,0.006101,0.000000
53,0.281794,0.147562,0.007472,0.355253,0.015797,0.083389,0.086035,0.004253,0.001751,0.016693
54,0.462946,0.046479,0.000199,0.041150,0.075926,0.006626,0.003659,0.359548,0.000023,0.003445
55,0.055072,0.009336,0.866292,0.000096,0.007888,0.059036,0.000096,0.000001,0.002183,0.000000
56,0.054435,0.062112,0.558482,0.016586,0.008777,0.035481,0.024235,0.000760,0.238542,0.000590
57,0.069879,0.109023,0.001098,0.016459,0.255557,0.391492,0.019669,0.014456,0.096849,0.025517
58,0.963677,0.018458,0.007574,0.000026,0.004198,0.000047,0.002161,0.001776,0.000022,0.002060
59,0.002032,0.051145,0.682638,0.001931,0.054005,0.205973,0.000040,0.000000,0.002235,0.000000
60,0.574936,0.314602,0.015382,0.004234,0.030454,0.033111,0.009773,0.016357,0.000250,0.000902
61,0.737862,0.009370,0.000525,0.080817,0.019258,0.027868,0.055901,0.003582,0.000388,0.064428
62,0.917802,0.030643,0.008858,0.001689,0.025816,0.004380,0.006836,0.002276,0.000047,0.001654
63,0.029127,0.208797,0.003180,0.516902,0.031363,0.026768,0.038427,0.024733,0.000583,0.120120
64,0.996267,0.000738,0.001574,0.000001,0.000657,0.000055,0.000050,0.000658,0.000000,0.000001
65,0.303334,0.012397,0.009399,0.096932,0.228368,0.208938,0.107708,0.017172,0.013413,0.002338
66,0.740148,0.253222,0.000098,0.000457,0.001363,0.002632,0.001632,0.000025,0.000010,0.000415
67,0.880910,0.016509,0.004772,0.007556,0.020279,0.024384,0.002952,0.038641,0.001765,0.002232
68,0.073750,0.381245,0.004318,0.453507,0.022017,0.006480,0.040397,0.001756,0.000027,0.016505
69,0.241499,0.642603,0.051365,0.008326,0.028631,0.006585,0.017162,0.000071,0.000022,0.003736
70,0.797591,0.109934,0.030486,0.000355,0.033696,0.000340,0.012527,0.009829,0.000045,0.005197
71,0.974236,0.000448,0.003779,0.000000,0.019131,0.000508,0.000487,0.001407,0.000000,0.000003
72,0.460775,0.032912,0.004163,0.007020,0.174182,0.013843,0.246137,0.056831,0.002792,0.001343
73,0.310979,0.010845,0.006879,0.182092,0.006653,0.087758,0.001237,0.368450,0.000069,0.025038
74,0.110397,0.033307,0.031705,0.104161,0.385628,0.025376,0.236651,0.023220,0.000367,0.049188
75,0.523722,0.003330,0.036485,0.000086,0.003823,0.001349,0.011851,0.418901,0.000343,0.000111
76,0.015963,0.481273,0.478552,0.000010,0.000234,0.015784,0.008156,0.000000,0.000000,0.000028
77,0.517221,0.227259,0.010718,0.001272,0.024669,0.020473,0.046810,0.151428,0.000003,0.000148
78,0.038328,0.121413,0.718198,0.004490,0.002321,0.100539,0.007948,0.000023,0.006661,0.000078
79,0.096277,0.002963,0.072674,0.001726,0.055243,0.199853,0.073431,0.001788,0.490472,0.005572
80,0.422026,0.067908,0.011858,0.006977,0.016474,0.005736,0.009471,0.004526,0.003411,0.451613
81,0.020178,0.023728,0.199798,0.127474,0.001552,0.189862,0.000158,0.000026,0.000177,0.437049
82,0.724250,0.096221,0.000886,0.001327,0.008065,0.000891,0.042790,0.125022,0.000461,0.000089
83,0.923770,0.030455,0.000069,0.000589,0.014806,0.006427,0.015252,0.006777,0.001568,0.000286
84,0.562005,0.364028,0.003943,0.028032,0.014044,0.019541,0.007819,0.000034,0.000046,0.000508
85,0.008233,0.057112,0.436300,0.010875,0.000330,0.029417,0.001871,0.000003,0.455858,0.000001
86,0.762953,0.001136,0.016044,0.000404,0.012555,0.001659,0.009641,0.076658,0.000001,0.118950
87,0.229351,0.252827,0.005483,0.043493,0.000109,0.000016,0.046177,0.000000,0.000000,0.422544
88,0.021689,0.206077,0.332418,0.002878,0.010886,0.420845,0.003789,0.000129,0.000135,0.001154
89,0.058797,0.002055,0.062030,0.211882,0.006408,0.007006,0.014812,0.541970,0.000003,0.095035
90,0.730882,0.019663,0.004599,0.013810,0.004852,0.005326,0.038289,0.163670,0.000008,0.018899
91,0.438493,0.019399,0.037425,0.080238,0.009949,0.071754,0.077218,0.005688,0.009283,0.250552
92,0.060837,0.281696,0.491643,0.013428,0.017398,0.014699,0.092432,0.002006,0.021054,0.004806
93,0.949007,0.025291,0.005740,0.000010,0.015010,0.000276,0.002746,0.000576,0.000133,0.001210
94,0.928851,0.003423,0.001198,0.000042,0.059774,0.000802,0.004136,0.001426,0.000066,0.000282
95,0.752527,0.086094,0.002480,0.005557,0.132454,0.010336,0.010368,0.000103,0.000075,0.000004
96,0.760075,0.089114,0.007127,0.043825,0.012776,0.054623,0.018681,0.012354,0.000009,0.001416
97,0.011457,0.011557,0.017538,0.000816,0.748882,0.200502,0.006988,0.002084,0.000175,0.000001
98,0.177927,0.600040,0.010352,0.144857,0.000634,0.013724,0.020488,0.031331,0.000000,0.000647
99,0.265008,0.637812,0.027895,0.000419,0.013658,0.035710,0.017351,0.000604,0.001502,0.000041
100,0.564817,0.001509,0.164371,0.020245,0.037338,0.010503,0.013149,0.160759,0.019918,0.007391
101,0.952703,0.004704,0.010022,0.000182,0.017183,0.002414,0.008431,0.004082,0.000002,0.000278
102,0.297585,0.049509,0.000920,0.352525,0.097523,0.015098,0.133690,0.018155,0.007578,0.027417
103,0.406510,0.048870,0.001005,0.186848,0.266945,0.037326,0.022142,0.015207,0.001364,0.013781
104,0.594061,0.038917,0.002727,0.009741,0.151504,0.016254,0.145939,0.038860,0.000043,0.001956
105,0.080390,0.171050,0.001153,0.451858,0.003103,0.000902,0.093349,0.000235,0.197698,0.000261
106,0.803158,0.094895,0.006791,0.001999,0.015549,0.002681,0.007053,0.066675,0.000172,0.001028
107,0.637452,0.001123,0.001471,0.000076,0.173987,0.002838,0.003660,0.178183,0.000085,0.001125
108,0.977729,0.002346,0.000056,0.001823,0.000157,0.000440,0.016390,0.000061,0.000002,0.000996
109,0.390219,0.397892,0.001355,0.139697,0.000248,0.049846,0.017025,0.000305,0.000000,0.003414
110,0.323835,0.006258,0.013465,0.036751,0.003019,0.001072,0.000839,0.614708,0.000001,0.000053
111,0.185125,0.288719,0.260304,0.157236,0.001775,0.036074,0.003660,0.062537,0.001402,0.003169
112,0.014512,0.929596,0.023498,0.000531,0.000481,0.030417,0.000947,0.000001,0.000005,0.000014
113,0.855461,0.016613,0.001284,0.000083,0.001016,0.012088,0.004021,0.108993,0.000315,0.000125
114,0.727340,0.018159,0.002193,0.003982,0.023242,0.001771,0.046444,0.170501,0.003430,0.002939
115,0.960718,0.004449,0.007565,0.000151,0.006870,0.002144,0.000405,0.017664,0.000008,0.000027
116,0.259989,0.001431,0.000799,0.570913,0.006972,0.029564,0.018825,0.110533,0.000139,0.000835
117,0.947415,0.012251,0.012671,0.000014,0.000959,0.000053,0.026200,0.000023,0.000004,0.000409
118,0.895950,0.003906,0.021534,0.000709,0.023793,0.007064,0.046655,0.000097,0.000040,0.000251
119,0.925225,0.002650,0.020456,0.000020,0.040754,0.001113,0.007542,0.000672,0.000008,0.001561
120,0.627820,0.172588,0.093344,0.000198,0.010967,0.000144,0.001790,0.064933,0.000280,0.027937
121,0.886240,0.009241,0.017732,0.000030,0.001729,0.004013,0.004923,0.074537,0.000000,0.001555
122,0.967974,0.024682,0.000590,0.000040,0.003500,0.000467,0.002419,0.000069,0.000003,0.000256
123,0.200270,0.564851,0.017497,0.007937,0.101513,0.104673,0.000876,0.000293,0.001280,0.000811
124,0.884127,0.038377,0.000308,0.000026,0.031362,0.011836,0.031360,0.002381,0.000015,0.000208
125,0.261762,0.008716,0.649936,0.010351,0.022931,0.020032,0.025013,0.000198,0.000712,0.000348
126,0.332061,0.346203,0.059074,0.006760,0.094053,0.040331,0.061815,0.000828,0.051997,0.006878
127,0.893077,0.033920,0.003132,0.007466,0.010067,0.012357,0.024918,0.003488,0.000648,0.010927
128,0.979363,0.010359,0.003813,0.004076,0.001259,0.000119,0.000678,0.000178,0.000000,0.000156
129,0.003566,0.195131,0.109703,0.274739,0.001337,0.056077,0.006372,0.013109,0.102786,0.237180
130,0.264700,0.687071,0.000779,0.044302,0.000003,0.000470,0.001166,0.000001,0.000000,0.001509
131,0.114853,0.000571,0.007456,0.013316,0.620077,0.189914,0.053794,0.000010,0.000011,0.000000
132,0.919283,0.002087,0.014394,0.000017,0.015381,0.001559,0.010840,0.033996,0.000000,0.002444
133,0.788029,0.011593,0.002574,0.002564,0.008863,0.019436,0.024470,0.082131,0.000005,0.060334
134,0.053086,0.044650,0.012695,0.122220,0.153575,0.270423,0.144742,0.036109,0.015792,0.146709
135,0.916486,0.012328,0.022376,0.000439,0.031778,0.004224,0.006628,0.002027,0.002750,0.000964
136,0.184328,0.020025,0.019001,0.514629,0.058082,0.107201,0.020528,0.039210,0.000001,0.036996
137,0.054832,0.039010,0.055744,0.039860,0.006592,0.765314,0.015534,0.000021,0.023090,0.000003
138,0.092827,0.004446,0.838528,0.005971,0.036501,0.020896,0.000748,0.000000,0.000083,0.000000
139,0.805223,0.001588,0.027585,0.065605,0.035500,0.013697,0.032001,0.000608,0.018049,0.000143
140,0.876831,0.028579,0.002205,0.001373,0.007847,0.021271,0.019607,0.026876,0.000082,0.015329
141,0.707141,0.181088,0.000771,0.013298,0.011709,0.009270,0.005540,0.070301,0.000727,0.000156
142,0.356312,0.035961,0.011028,0.003341,0.001975,0.001483,0.016245,0.569002,0.000000,0.004653
143,0.528825,0.288172,0.000628,0.001672,0.032414,0.036330,0.097416,0.013595,0.000059,0.000888
144,0.920361,0.001074,0.000271,0.000025,0.009970,0.000216,0.005275,0.062804,0.000000,0.000003
145,0.280355,0.093120,0.008026,0.027432,0.134751,0.122652,0.223073,0.012910,0.001105,0.096577
146,0.675215,0.003099,0.000134,0.000020,0.014334,0.000204,0.001974,0.215116,0.088932,0.000972
147,0.460457,0.232373,0.000946,0.066030,0.121123,0.003502,0.022673,0.091281,0.000343,0.001272
148,0.741779,0.025219,0.003333,0.025902,0.061004,0.050718,0.078302,0.003797,0.005438,0.004508
149,0.034762,0.053053,0.047060,0.000160,0.727735,0.051638,0.029561,0.000001,0.055986,0.000045
150,0.690430,0.254020,0.039729,0.000003,0.004573,0.000038,0.000226,0.010770,0.000005,0.000206
151,0.298407,0.670402,0.007528,0.014422,0.000469,0.001193,0.007443,0.000007,0.000037,0.000092
152,0.594631,0.002203,0.010662,0.033977,0.042413,0.061604,0.139114,0.111810,0.002330,0.001255
153,0.185782,0.803445,0.002909,0.005583,0.000894,0.001006,0.000315,0.000018,0.000024,0.000024
154,0.050694,0.156541,0.052562,0.169451,0.408571,0.016865,0.129556,0.009121,0.000198,0.006440
155,0.138481,0.392100,0.029356,0.038371,0.003212,0.340506,0.025713,0.000071,0.000188,0.032000
156,0.787428,0.078377,0.005020,0.063471,0.022070,0.008029,0.005920,0.014263,0.000311,0.015111
157,0.113952,0.009891,0.081719,0.004064,0.281770,0.016677,0.168608,0.317846,0.002129,0.003345
158,0.611291,0.112774,0.007910,0.001274,0.099841,0.017884,0.068353,0.074215,0.000045,0.006414
159,0.687146,0.032129,0.001316,0.022485,0.054298,0.014957,0.043140,0.143223,0.000476,0.000830
160,0.476359,0.051798,0.018389,0.021867,0.393869,0.016226,0.019666,0.000080,0.000050,0.001695
161,0.878792,0.026842,0.016596,0.000051,0.010710,0.011278,0.032715,0.020106,0.000004,0.002906
162,0.554759,0.067711,0.014199,0.032540,0.036033,0.193270,0.072057,0.003226,0.024433,0.001772
163,0.673207,0.012675,0.010063,0.011188,0.084629,0.085800,0.020606,0.064176,0.001575,0.036083
164,0.065433,0.863590,0.000811,0.002072,0.000013,0.058299,0.009782,0.000000,0.000000,0.000000
165,0.169940,0.027284,0.005289,0.341083,0.064218,0.030326,0.110070,0.032377,0.000246,0.219166
166,0.539842,0.109826,0.015767,0.036859,0.028011,0.051832,0.018413,0.170983,0.022959,0.005507
167,0.339399,0.028056,0.003726,0.007852,0.052913,0.035900,0.115365,0.291641,0.001386,0.123761
168,0.759532,0.012076,0.021095,0.001422,0.107365,0.024981,0.067906,0.002140,0.003239,0.000245
169,0.501574,0.028534,0.092232,0.043940,0.012278,0.297209,0.006963,0.000569,0.000080,0.016620
170,0.290724,0.081759,0.003864,0.116470,0.199452,0.237669,0.014732,0.035855,0.005097,0.014379
171,0.119223,0.753352,0.024176,0.029358,0.000419,0.004194,0.069247,0.000008,0.000000,0.000022
172,0.263844,0.021022,0.000310,0.084866,0.399649,0.090266,0.030977,0.049371,0.001396,0.058299
173,0.587797,0.000106,0.001891,0.000615,0.012784,0.016128,0.002119,0.378548,0.000002,0.000010
174,0.665098,0.061693,0.003051,0.061793,0.005825,0.193082,0.001072,0.004855,0.000009,0.003521
175,0.851891,0.004837,0.093640,0.006398,0.015559,0.004739,0.020225,0.000025,0.000017,0.002668
176,0.372416,0.617822,0.000151,0.007056,0.000901,0.000398,0.001233,0.000019,0.000000,0.000004
177,0.778952,0.150442,0.049017,0.000285,0.001618,0.004902,0.010376,0.002613,0.000192,0.001602
178,0.653460,0.119010,0.001115,0.003250,0.049459,0.106478,0.042494,0.012066,0.012217,0.000452
179,0.526473,0.057215,0.004206,0.053936,0.035434,0.268455,0.001233,0.018592,0.000000,0.034455
180,0.728192,0.089564,0.013162,0.010597,0.009688,0.005685,0.131580,0.010251,0.000008,0.001272
181,0.918643,0.008035,0.000602,0.002313,0.000663,0.001212,0.002755,0.057003,0.000000,0.008775
182,0.780566,0.016919,0.007166,0.041440,0.042864,0.045430,0.040537,0.020220,0.000002,0.004857
183,0.091150,0.861737,0.004513,0.019766,0.014016,0.007814,0.000713,0.000001,0.000290,0.000001
184,0.128037,0.092034,0.270153,0.006449,0.001545,0.400935,0.100836,0.000000,0.000000,0.000012
185,0.604138,0.238894,0.006517,0.059793,0.020180,0.048579,0.019957,0.000321,0.000947,0.000673
186,0.985186,0.005306,0.000613,0.000002,0.007257,0.000184,0.000819,0.000198,0.000000,0.000435
187,0.062216,0.001203,0.905263,0.004910,0.013932,0.007323,0.002978,0.000623,0.001480,0.000074
188,0.417215,0.000246,0.128597,0.171069,0.008144,0.043335,0.004335,0.222083,0.000007,0.004969
189,0.824784,0.121348,0.001842,0.002997,0.000386,0.000861,0.041188,0.002884,0.000189,0.003521
190,0.142012,0.062019,0.000919,0.256016,0.146248,0.100202,0.102071,0.092573,0.000084,0.097857
191,0.257890,0.396014,0.050894,0.171437,0.052953,0.020844,0.026211,0.012065,0.002441,0.009250
192,0.423036,0.515121,0.055280,0.000111,0.001930,0.000951,0.000714,0.000006,0.000136,0.002714
193,0.575470,0.149645,0.000578,0.003624,0.132815,0.017360,0.109973,0.004866,0.004995,0.000673
194,0.231904,0.000188,0.016334,0.048154,0.046335,0.163143,0.019708,0.000071,0.473500,0.000663
195,0.755835,0.013137,0.000017,0.130455,0.048847,0.035559,0.012379,0.002624,0.000548,0.000600
196,0.144401,0.107637,0.728961,0.000904,0.003198,0.013256,0.001350,0.000062,0.000012,0.000219
197,0.017098,0.468717,0.481374,0.000876,0.000627,0.000388,0.003107,0.000000,0.027787,0.000026
198,0.842989,0.151936,0.000004,0.000000,0.003281,0.000425,0.001349,0.000011,0.000000,0.000006
199,0.502415,0.158030,0.103173,0.063910,0.001723,0.002091,0.164473,0.000183,0.000001,0.004001
200,0.715711,0.013051,0.002618,0.008673,0.026916,0.004543,0.004180,0.222874,0.000008,0.001426
201,0.328627,0.652068,0.003445,0.000372,0.000253,0.000633,0.014116,0.000343,0.000002,0.000140
202,0.716144,0.092268,0.015104,0.053263,0.089317,0.019195,0.009902,0.003228,0.001245,0.000334
203,0.042192,0.003981,0.000053,0.410942,0.063939,0.034245,0.206390,0.006778,0.058601,0.172879
204,0.905534,0.083676,0.000227,0.000014,0.004332,0.000766,0.003577,0.000152,0.000001,0.001722
205,0.363795,0.042405,0.067847,0.253691,0.021818,0.013225,0.011003,0.000121,0.000000,0.226095
206,0.694102,0.050023,0.004107,0.008798,0.065308,0.032947,0.100627,0.008742,0.034584,0.000764
207,0.093404,0.219209,0.030762,0.003920,0.077576,0.144885,0.008688,0.000001,0.421414,0.000141
208,0.771303,0.111691,0.003484,0.007320,0.017039,0.008219,0.068339,0.010681,0.000420,0.001504
209,0.184935,0.283558,0.013725,0.122992,0.263953,0.014304,0.011177,0.008615,0.092843,0.003900
210,0.042235,0.050536,0.717965,0.020461,0.047278,0.110146,0.008580,0.000999,0.001622,0.000179
211,0.710111,0.055376,0.011202,0.125037,0.007767,0.064250,0.012100,0.009357,0.000011,0.004790
212,0.051577,0.293927,0.066747,0.314721,0.034792,0.065473,0.011286,0.005909,0.108439,0.047128
213,0.115440,0.030910,0.001910,0.399339,0.027270,0.024601,0.007560,0.058005,0.000855,0.334108
214,0.752947,0.025514,0.000531,0.002526,0.173506,0.011229,0.009638,0.008422,0.012896,0.002790
215,0.713683,0.013623,0.205320,0.000002,0.057226,0.000272,0.000627,0.009144,0.000040,0.000063
216,0.803834,0.019084,0.001454,0.076483,0.018945,0.046749,0.006349,0.026238,0.000012,0.000851
217,0.746398,0.002537,0.001056,0.025801,0.081566,0.037976,0.090694,0.009187,0.000797,0.003988
218,0.281670,0.691435,0.004204,0.000179,0.001521,0.000088,0.018432,0.000036,0.002395,0.000042
219,0.340225,0.081520,0.043857,0.022422,0.010648,0.032023,0.021726,0.005716,0.000138,0.441724
220,0.733400,0.162847,0.000330,0.004139,0.043629,0.036050,0.018869,0.000663,0.000002,0.000071
221,0.360950,0.017769,0.298302,0.002904,0.268276,0.040244,0.009983,0.001364,0.000208,0.000001
222,0.783313,0.001317,0.056747,0.003959,0.123532,0.006483,0.000867,0.015531,0.000131,0.008121
223,0.790328,0.201520,0.001504,0.000001,0.000549,0.000060,0.001887,0.003161,0.000002,0.000987
224,0.787397,0.065735,0.003862,0.002625,0.108033,0.014463,0.008925,0.008244,0.000639,0.000077
225,0.365136,0.375381,0.001246,0.256078,0.000021,0.000038,0.000644,0.000000,0.000000,0.001456
226,0.116279,0.472905,0.211642,0.000290,0.011781,0.174007,0.008673,0.000128,0.003869,0.000427
227,0.960932,0.001283,0.013539,0.000000,0.008302,0.013470,0.002249,0.000081,0.000000,0.000144
228,0.029043,0.072373,0.135970,0.402676,0.141118,0.012012,0.001307,0.001250,0.002284,0.201969
229,0.058206,0.341652,0.566640,0.000787,0.004514,0.025469,0.002031,0.000021,0.000654,0.000027
230,0.874119,0.046158,0.024925,0.000432,0.017386,0.001254,0.034891,0.000707,0.000026,0.000102
231,0.548096,0.124857,0.189154,0.003381,0.028082,0.025311,0.025195,0.047891,0.000321,0.007712
232,0.139316,0.005769,0.132160,0.107305,0.012097,0.056860,0.005286,0.534251,0.000204,0.006752
233,0.449629,0.170963,0.002499,0.276227,0.030543,0.003998,0.035498,0.001896,0.001620,0.027128
234,0.847567,0.002620,0.052842,0.000286,0.007398,0.000188,0.064058,0.011819,0.000000,0.013221
235,0.396176,0.001733,0.001278,0.223079,0.161526,0.173899,0.026377,0.015045,0.000011,0.000875
236,0.950289,0.008431,0.002385,0.000000,0.005425,0.000288,0.018316,0.012775,0.000003,0.002089
237,0.484348,0.035950,0.416511,0.007893,0.012414,0.016574,0.016547,0.003834,0.000055,0.005874
238,0.024342,0.021804,0.014884,0.308258,0.452775,0.161474,0.006768,0.009659,0.000004,0.000030
239,0.757959,0.009685,0.000933,0.000342,0.182836,0.010585,0.005547,0.005278,0.000002,0.026832
240,0.759047,0.001595,0.079441,0.000016,0.038513,0.005179,0.041411,0.074773,0.000003,0.000023
241,0.322390,0.011624,0.004498,0.025362,0.021369,0.013328,0.052342,0.311678,0.230072,0.007338
242,0.704216,0.149384,0.003216,0.000252,0.046355,0.003220,0.012426,0.003341,0.068078,0.009512
243,0.770794,0.007317,0.001359,0.007677,0.043147,0.020219,0.072604,0.070513,0.005125,0.001244
244,0.678187,0.239317,0.000366,0.009283,0.051065,0.003121,0.007067,0.001700,0.007976,0.001917
245,0.637251,0.013924,0.193666,0.010475,0.100316,0.005893,0.007595,0.012930,0.013589,0.004361
246,0.594699,0.212534,0.004747,0.063802,0.019351,0.001045,0.020682,0.005373,0.000069,0.077698
247,0.065709,0.666801,0.126546,0.018628,0.007245,0.001745,0.072982,0.000008,0.040250,0.000087
248,0.175927,0.503366,0.072557,0.015704,0.002316,0.161345,0.057948,0.000032,0.000180,0.010626
249,0.736140,0.179949,0.022958,0.007717,0.002013,0.001815,0.034626,0.009220,0.000000,0.005562
250,0.246305,0.728395,0.005535,0.002137,0.005059,0.002392,0.005922,0.003750,0.000198,0.000307
251,0.975234,0.001207,0.001301,0.000000,0.001096,0.000000,0.000002,0.021154,0.000000,0.000006
252,0.836851,0.024235,0.005776,0.029339,0.015036,0.011110,0.058847,0.002008,0.001609,0.015189
253,0.689944,0.074414,0.000169,0.002279,0.224123,0.003918,0.002659,0.001552,0.000787,0.000155
254,0.155765,0.120805,0.613546,0.045637,0.019027,0.004764,0.018324,0.002918,0.000482,0.018732
255,0.915791,0.012971,0.000150,0.000476,0.051278,0.014648,0.002004,0.001305,0.001350,0.000027
256,0.799955,0.086649,0.000045,0.009768,0.000221,0.095187,0.008162,0.000011,0.000000,0.000003
257,0.688844,0.017666,0.001880,0.002830,0.158261,0.099083,0.006908,0.021877,0.000445,0.002206
258,0.517265,0.109199,0.037049,0.096909,0.008725,0.000431,0.006419,0.082793,0.000130,0.141079
259,0.932475,0.032676,0.000240,0.000531,0.003805,0.001731,0.023211,0.000381,0.000000,0.004950
260,0.400913,0.403009,0.002900,0.093024,0.030504,0.022101,0.035760,0.000323,0.000007,0.011457
261,0.588215,0.003879,0.019923,0.005481,0.012653,0.345783,0.019359,0.004705,0.000001,0.000001
262,0.374405,0.543869,0.000116,0.039369,0.019514,0.003728,0.018448,0.000436,0.000050,0.000064
263,0.851242,0.014452,0.091621,0.000290,0.008122,0.001058,0.006975,0.018996,0.000040,0.007205
264,0.563800,0.113384,0.116449,0.020151,0.061021,0.012379,0.065363,0.000476,0.000103,0.046872
265,0.485737,0.138399,0.000749,0.311255,0.019332,0.037600,0.004027,0.001057,0.000400,0.001443
266,0.061663,0.345586,0.026818,0.502722,0.001963,0.022529,0.027064,0.010796,0.000100,0.000760
267,0.907225,0.022075,0.034524,0.000547,0.011857,0.000760,0.012578,0.000021,0.000002,0.010411
268,0.878905,0.000709,0.000011,0.000630,0.001210,0.019508,0.097057,0.001698,0.000058,0.000212
269,0.490951,0.495485,0.000102,0.001674,0.007770,0.000256,0.000928,0.001878,0.000009,0.000948
270,0.174317,0.009849,0.001841,0.130123,0.132403,0.013088,0.011525,0.474472,0.000075,0.052306
271,0.560926,0.310113,0.000004,0.095525,0.000976,0.001668,0.028809,0.000002,0.000018,0.001960
272,0.396673,0.471429,0.042388,0.023601,0.002430,0.002115,0.057790,0.000034,0.003535,0.000005
273,0.081993,0.031111,0.137909,0.093814,0.108911,0.121862,0.100247,0.013833,0.000143,0.310178
274,0.167405,0.031218,0.026077,0.037683,0.171440,0.171235,0.086048,0.027966,0.275494,0.005433
275,0.335943,0.012137,0.028229,0.000012,0.001348,0.000355,0.109708,0.473893,0.000000,0.038375
276,0.514813,0.097215,0.001888,0.120486,0.012474,0.103816,0.142104,0.002955,0.001383,0.002865
277,0.520907,0.003679,0.000210,0.003762,0.332998,0.034501,0.057638,0.046270,0.000016,0.000019
278,0.967440,0.005786,0.000209,0.002765,0.000971,0.000485,0.018115,0.003495,0.000149,0.000583
279,0.317224,0.005547,0.003248,0.177173,0.064840,0.038660,0.004477,0.354379,0.026907,0.007544
280,0.655754,0.031599,0.007545,0.000051,0.055922,0.005646,0.236442,0.005599,0.001234,0.000208
281,0.050948,0.057418,0.141165,0.097592,0.350193,0.163764,0.048703,0.047347,0.007812,0.035057
282,0.976185,0.004965,0.015588,0.000379,0.002059,0.000336,0.000353,0.000067,0.000000,0.000067
283,0.834739,0.000677,0.002433,0.005282,0.001148,0.050582,0.021336,0.059473,0.000000,0.024329
284,0.433931,0.019020,0.002563,0.028506,0.102080,0.130770,0.029988,0.252259,0.000237,0.000646
285,0.666765,0.005607,0.000199,0.000298,0.022213,0.005473,0.000550,0.298411,0.000351,0.000133
286,0.053662,0.709656,0.213820,0.000187,0.000433,0.000243,0.021126,0.000061,0.000037,0.000776
287,0.077644,0.007501,0.137182,0.176633,0.155275,0.015621,0.040137,0.027410,0.042766,0.319831
288,0.665050,0.010687,0.008565,0.001219,0.086199,0.008397,0.013615,0.099257,0.002855,0.104157
289,0.175446,0.023959,0.000531,0.076433,0.007014,0.002540,0.036276,0.629223,0.000000,0.048578
290,0.825322,0.139705,0.000160,0.000652,0.007778,0.000364,0.015116,0.004345,0.000000,0.006557
291,0.985301,0.009072,0.004321,0.000000,0.000060,0.000001,0.000127,0.000012,0.000000,0.001105
292,0.840276,0.013445,0.000940,0.053198,0.024106,0.003838,0.037947,0.014754,0.000034,0.011464
293,0.011973,0.036784,0.245533,0.001194,0.000977,0.108706,0.003261,0.069736,0.001417,0.520419
294,0.840808,0.016987,0.000956,0.012218,0.013711,0.065241,0.035793,0.010081,0.000169,0.004035
295,0.230987,0.002164,0.001564,0.005718,0.193530,0.403899,0.040494,0.119828,0.000020,0.001796
296,0.114254,0.045537,0.000523,0.472765,0.000105,0.035947,0.000141,0.295955,0.000000,0.034774
297,0.870398,0.012250,0.013874,0.002833,0.043641,0.007557,0.042280,0.001860,0.001206,0.004101
298,0.907451,0.075512,0.003265,0.000555,0.007935,0.003912,0.001154,0.000178,0.000002,0.000035
299,0.843463,0.032769,0.001798,0.000802,0.000973,0.001249,0.035063,0.083689,0.000112,0.000082
300,0.901986,0.039834,0.000025,0.000003,0.042069,0.000572,0.013846,0.001482,0.000000,0.000183
301,0.687061,0.136329,0.000740,0.000079,0.075253,0.000499,0.012829,0.024006,0.000050,0.063154
302,0.794408,0.008451,0.001784,0.000030,0.072694,0.000191,0.004652,0.106635,0.003757,0.007397
303,0.360786,0.047837,0.000154,0.003894,0.110484,0.284321,0.001500,0.185698,0.005068,0.000259
304,0.983170,0.001635,0.001340,0.000416,0.006509,0.000213,0.003811,0.000703,0.002170,0.000033
305,0.004808,0.238305,0.522024,0.001682,0.000816,0.186835,0.028817,0.000001,0.016713,0.000000
306,0.753038,0.002186,0.214818,0.000030,0.000037,0.000037,0.002450,0.007857,0.008341,0.011206
307,0.805447,0.005914,0.000042,0.000069,0.003622,0.000418,0.063342,0.120493,0.000000,0.000652
308,0.970938,0.023852,0.000015,0.001872,0.000788,0.000409,0.001964,0.000000,0.000000,0.000162
309,0.771164,0.012173,0.003906,0.083061,0.097119,0.004129,0.007387,0.020834,0.000221,0.000005
310,0.857329,0.118555,0.001566,0.000012,0.001476,0.000048,0.018176,0.002820,0.000008,0.000008
311,0.536454,0.004002,0.002061,0.000099,0.234117,0.003541,0.022611,0.151691,0.000011,0.045413
312,0.049875,0.040447,0.843123,0.001981,0.000755,0.045499,0.012345,0.002807,0.001400,0.001769
313,0.335256,0.515508,0.028468,0.072885,0.009592,0.022452,0.003738,0.001094,0.000003,0.011003
314,0.309804,0.464345,0.024559,0.022246,0.048408,0.010969,0.083345,0.000038,0.035889,0.000397
315,0.035986,0.866503,0.018699,0.001279,0.005140,0.019815,0.051357,0.000003,0.001203,0.000016
316,0.149209,0.024045,0.564366,0.000653,0.048341,0.024980,0.017136,0.125805,0.005598,0.039867
317,0.312756,0.604637,0.049495,0.001578,0.000915,0.029503,0.000303,0.000004,0.000808,0.000001
318,0.952894,0.006061,0.001963,0.000437,0.017227,0.007341,0.012790,0.000838,0.000270,0.000180
319,0.528769,0.453479,0.001454,0.000055,0.002285,0.001376,0.006251,0.000622,0.001328,0.004379
320,0.911606,0.023359,0.002702,0.000904,0.002433,0.000329,0.006416,0.000096,0.000077,0.052079
321,0.823098,0.068543,0.006082,0.000158,0.007842,0.000010,0.013955,0.053872,0.000006,0.026434
322,0.279586,0.535089,0.001800,0.132306,0.006384,0.011584,0.016630,0.005815,0.008281,0.002526
323,0.430413,0.000149,0.017275,0.000901,0.033322,0.037549,0.040007,0.432931,0.000170,0.007282
324,0.834337,0.016657,0.043705,0.000508,0.015900,0.000117,0.061273,0.027328,0.000000,0.000174
325,0.955823,0.007376,0.000205,0.000268,0.000555,0.000383,0.000589,0.021477,0.000000,0.013326
326,0.215837,0.004420,0.001506,0.020739,0.004834,0.375843,0.003405,0.368426,0.001243,0.003747
327,0.112334,0.003281,0.031370,0.000411,0.027492,0.801156,0.000115,0.000601,0.023238,0.000002
328,0.911608,0.002802,0.005833,0.000731,0.072074,0.004421,0.000474,0.001975,0.000001,0.000080
329,0.812831,0.079969,0.001163,0.006057,0.040206,0.001411,0.050986,0.006266,0.000438,0.000672
330,0.838129,0.050151,0.000012,0.000523,0.065357,0.012278,0.027212,0.004889,0.000006,0.001444
331,0.457817,0.002918,0.001580,0.448921,0.010911,0.006183,0.003045,0.064943,0.000013,0.003667
332,0.378759,0.001389,0.486657,0.000073,0.078995,0.000959,0.028189,0.021602,0.000006,0.003371
333,0.609728,0.127392,0.055119,0.006047,0.023694,0.101439,0.047163,0.017986,0.000306,0.011127
334,0.955509,0.010092,0.009899,0.000002,0.000348,0.000011,0.008174,0.002243,0.000000,0.013721
335,0.978283,0.004017,0.001611,0.000188,0.009340,0.001254,0.003605,0.001152,0.000062,0.000489
336,0.393999,0.001724,0.003398,0.001378,0.375549,0.000692,0.210570,0.005436,0.001095,0.006159
337,0.811101,0.000636,0.019766,0.003233,0.080610,0.079744,0.002287,0.000332,0.000000,0.002290
338,0.200757,0.038349,0.030940,0.090050,0.046422,0.043448,0.048810,0.401116,0.000087,0.100022
339,0.058380,0.003206,0.404510,0.001561,0.144420,0.367207,0.006812,0.013167,0.000736,0.000001
340,0.119183,0.012256,0.201659,0.371325,0.023241,0.241313,0.028331,0.000023,0.000687,0.001981
341,0.428772,0.005944,0.000651,0.151221,0.048454,0.024781,0.001726,0.324165,0.000022,0.014263
342,0.071516,0.223426,0.015305,0.344475,0.041338,0.172892,0.049923,0.010511,0.070160,0.000453
343,0.911201,0.000455,0.001944,0.000062,0.065422,0.003020,0.012443,0.001613,0.000002,0.003839
344,0.427173,0.514564,0.002514,0.003689,0.006794,0.028448,0.008261,0.000024,0.008123,0.000410
345,0.805437,0.011286,0.000206,0.000052,0.000716,0.001841,0.012781,0.152202,0.000171,0.015307
346,0.238926,0.399394,0.000498,0.328883,0.002424,0.003714,0.023558,0.000006,0.002536,0.000061
347,0.271821,0.085572,0.233114,0.000104,0.101355,0.280389,0.021602,0.000004,0.006039,0.000001
348,0.025396,0.003894,0.860259,0.000080,0.069004,0.041364,0.000001,0.000001,0.000000,0.000000
349,0.089009,0.003905,0.014436,0.100929,0.420099,0.326147,0.008388,0.009044,0.018583,0.009460
350,0.780922,0.188883,0.021192,0.000083,0.004794,0.002170,0.000414,0.001498,0.000012,0.000033
351,0.971618,0.016542,0.001687,0.000042,0.000656,0.000380,0.007448,0.000542,0.000000,0.001086
352,0.050629,0.005837,0.408834,0.001935,0.075436,0.418160,0.005269,0.004506,0.029374,0.000020
353,0.058169,0.209283,0.354795,0.118859,0.022089,0.074492,0.001070,0.000000,0.161243,0.000000
354,0.294720,0.062095,0.021655,0.009585,0.105080,0.493482,0.003280,0.001207,0.008852,0.000044
355,0.829040,0.145465,0.002964,0.000114,0.006585,0.005470,0.004349,0.002818,0.000572,0.002623
356,0.976117,0.008482,0.002001,0.000031,0.006881,0.000028,0.001361,0.001847,0.000000,0.003251
357,0.484121,0.001659,0.000263,0.001983,0.009312,0.038164,0.010419,0.339651,0.114325,0.000103
358,0.775491,0.009405,0.213753,0.000007,0.000001,0.001342,0.000000,0.000000,0.000000,0.000000
359,0.339530,0.121901,0.025582,0.006865,0.101871,0.086362,0.073171,0.207628,0.000044,0.037047
360,0.910420,0.054066,0.000240,0.000014,0.009016,0.001845,0.001874,0.019189,0.001936,0.001400
361,0.706877,0.001145,0.000157,0.001987,0.004648,0.000987,0.004781,0.247050,0.000005,0.032362
362,0.697004,0.000450,0.000052,0.000021,0.274842,0.001496,0.000389,0.025742,0.000000,0.000005
363,0.522307,0.002717,0.000924,0.000196,0.018525,0.004179,0.001264,0.449348,0.000052,0.000487
364,0.017330,0.489769,0.430333,0.000311,0.001210,0.060779,0.000206,0.000007,0.000007,0.000048
365,0.109670,0.351594,0.000663,0.039483,0.148521,0.108250,0.031527,0.000154,0.210001,0.000137
366,0.143474,0.011589,0.770884,0.000894,0.018061,0.023389,0.010701,0.011854,0.003147,0.006007
367,0.884320,0.055850,0.003575,0.000023,0.035680,0.006829,0.002060,0.011274,0.000015,0.000372
368,0.323115,0.653557,0.006848,0.001489,0.003360,0.006099,0.005247,0.000025,0.000050,0.000209
369,0.117240,0.342441,0.001008,0.532394,0.000234,0.005372,0.000778,0.000003,0.000000,0.000529
370,0.154825,0.054455,0.016717,0.034829,0.010769,0.708174,0.012931,0.006008,0.000136,0.001155
371,0.372817,0.204233,0.141570,0.000833,0.049192,0.003832,0.023320,0.202187,0.000002,0.002013
372,0.411068,0.525741,0.000663,0.000994,0.003172,0.002410,0.008514,0.003735,0.000008,0.043695
373,0.849323,0.016928,0.013510,0.007966,0.021109,0.028553,0.044522,0.017505,0.000008,0.000574
374,0.525792,0.008612,0.003166,0.018265,0.157293,0.102501,0.053824,0.101244,0.005641,0.023663
375,0.692617,0.262451,0.008515,0.002949,0.025947,0.000140,0.003386,0.001287,0.000782,0.001926
376,0.247083,0.057014,0.003101,0.140389,0.092724,0.390356,0.004816,0.012330,0.003967,0.048221
377,0.202906,0.436722,0.026660,0.217577,0.011274,0.087169,0.012502,0.001281,0.000036,0.003873
378,0.935089,0.061125,0.000014,0.000001,0.002541,0.000071,0.001072,0.000084,0.000000,0.000002
379,0.877656,0.012979,0.010843,0.000627,0.007087,0.020117,0.004960,0.002324,0.002015,0.061392
380,0.775260,0.031682,0.004644,0.083165,0.020961,0.014869,0.041563,0.016368,0.000005,0.011482
381,0.422881,0.000485,0.002802,0.001974,0.046574,0.013337,0.001497,0.505632,0.000334,0.004483
382,0.915198,0.046271,0.000699,0.000549,0.004584,0.001203,0.004641,0.023105,0.000136,0.003613
383,0.920950,0.019891,0.015867,0.000257,0.018119,0.000901,0.006255,0.003953,0.000000,0.013806
384,0.883135,0.090711,0.006358,0.000403,0.001262,0.000400,0.012609,0.004866,0.000003,0.000253
385,0.631672,0.005374,0.001587,0.283154,0.043447,0.026245,0.003684,0.000762,0.000008,0.004067
386,0.073336,0.023776,0.485938,0.027554,0.143286,0.186467,0.017978,0.000293,0.041299,0.000072
387,0.043099,0.067711,0.718464,0.017000,0.005385,0.120889,0.004407,0.005446,0.003754,0.013845
388,0.888628,0.093709,0.007474,0.000012,0.007052,0.000276,0.002555,0.000242,0.000005,0.000046
389,0.976890,0.005218,0.002298,0.000016,0.001124,0.000162,0.000211,0.000143,0.000001,0.013936
390,0.116279,0.713360,0.005190,0.069192,0.000404,0.060195,0.004486,0.000379,0.028890,0.001624
391,0.539863,0.064657,0.001168,0.115270,0.062618,0.030835,0.014832,0.113085,0.002012,0.055661
392,0.972164,0.005075,0.002992,0.002100,0.002036,0.002133,0.013232,0.000050,0.000187,0.000030
393,0.237668,0.009226,0.000024,0.053272,0.010288,0.485467,0.194625,0.005063,0.000019,0.004349
394,0.958162,0.011255,0.017216,0.000004,0.012551,0.000221,0.000581,0.000008,0.000003,0.000000
395,0.054327,0.101284,0.007847,0.607411,0.001418,0.000756,0.018123,0.000025,0.000000,0.208809
396,0.125690,0.039228,0.045477,0.001017,0.216734,0.008776,0.458168,0.076602,0.001049,0.027259
397,0.900135,0.030869,0.000440,0.000000,0.055363,0.000012,0.012533,0.000372,0.000033,0.000242
398,0.218843,0.115477,0.031689,0.316720,0.065786,0.112667,0.040808,0.033585,0.015091,0.049332
399,0.362559,0.002505,0.047432,0.012200,0.000933,0.028227,0.014111,0.498055,0.000012,0.033967
400,0.672013,0.000244,0.000045,0.001829,0.008645,0.045338,0.001065,0.265557,0.000005,0.005259
401,0.394911,0.455618,0.010949,0.000078,0.002415,0.131078,0.000590,0.000005,0.004333,0.000024
402,0.892314,0.093024,0.004003,0.000375,0.004319,0.000148,0.000337,0.000054,0.000016,0.005409
403,0.107478,0.009443,0.000029,0.353416,0.013895,0.104864,0.077631,0.025851,0.000000,0.307393
404,0.530313,0.454127,0.000183,0.005267,0.000158,0.000301,0.009616,0.000001,0.000004,0.000030
405,0.339967,0.430582,0.054338,0.013868,0.065575,0.037490,0.042286,0.001414,0.001069,0.013410
406,0.006713,0.905309,0.071637,0.008272,0.000768,0.003748,0.003481,0.000002,0.000000,0.000070
407,0.629645,0.157809,0.045883,0.004938,0.139879,0.007581,0.004270,0.001130,0.001215,0.007650
408,0.504331,0.151127,0.005754,0.148315,0.008126,0.014796,0.127924,0.002079,0.000020,0.037527
409,0.784321,0.103134,0.000878,0.000018,0.002358,0.000037,0.002097,0.093477,0.000192,0.013489
410,0.907818,0.019252,0.001264,0.004791,0.044506,0.008638,0.003981,0.002804,0.003411,0.003536
411,0.928060,0.011074,0.003296,0.000459,0.003601,0.004739,0.000621,0.045839,0.000000,0.002310
412,0.232400,0.064124,0.008649,0.375412,0.112310,0.179446,0.006884,0.009281,0.007284,0.004211
413,0.294750,0.001758,0.014492,0.000625,0.001263,0.067962,0.031260,0.587439,0.000001,0.000450
414,0.725917,0.005788,0.000464,0.007828,0.024700,0.034695,0.184554,0.010413,0.005050,0.000589
415,0.363222,0.593392,0.019761,0.000861,0.005643,0.005253,0.011101,0.000300,0.000008,0.000458
416,0.983888,0.002225,0.001259,0.000071,0.004986,0.000047,0.007085,0.000179,0.000003,0.000257
417,0.006765,0.026428,0.000477,0.015275,0.106213,0.011744,0.032590,0.000001,0.481287,0.319221
418,0.985084,0.003702,0.000549,0.000005,0.008153,0.000892,0.000377,0.001048,0.000085,0.000105
419,0.250846,0.042904,0.001738,0.297116,0.012408,0.345079,0.038913,0.010428,0.000561,0.000007
420,0.324037,0.005988,0.181167,0.006030,0.143043,0.305767,0.010000,0.000003,0.023964,0.000001
421,0.855183,0.092672,0.002697,0.010867,0.001481,0.003084,0.032866,0.000768,0.000028,0.000353
422,0.334817,0.236465,0.122931,0.153570,0.003174,0.056977,0.076234,0.011078,0.002671,0.002083
423,0.708857,0.047033,0.000431,0.010298,0.085033,0.012626,0.119814,0.000804,0.004076,0.011028
424,0.372787,0.068934,0.001485,0.104813,0.233152,0.085244,0.078325,0.007688,0.047178,0.000393
425,0.751790,0.065426,0.002981,0.002014,0.010403,0.002522,0.018728,0.113354,0.013204,0.019580
